,im,like,people,one,get,amp,good,know,time,day,would,really,love,think,us,see,even,make,thats,cant,much,go,still,great,want,got,never,well,also,back,today,u,happy,going,way,new,life,feel,ive,always,work,say,bad,right,thank,ill,many,first,look,best,take,hope,may,please,every,things,sorry,something,made,better,sad,thing,man,said,hes,years,someone,last,help,fun,keep,beautiful,poor,home,super,trump,nice,lol,give,little,getting,lot,done,sure,god,yes,let,live,criminal,evil,use,game,funny,family,damaging,long,rejected,perfect,cold,find,broken,since,miserable,care,proud,horrible,scared,hard,two,theres,stop,show,big,without,times,thought,quality,grief,around,put,trying,real,covid,try,enough,tell,intelligent,regret,money,stay,grieving,already,deprived,maybe,though,smile,generous,hopeless,lucky,away,pretty,end,looks,exciting,old,job,part,believe,celebration,heart,must,hate,gross,video,whole,adventure,news,saying,yet,point,wait,start,bleak,birthday,remember,used,story,via,might,school,seen,place,motivating,team,house,check,high,kids,lets,lively,sunny,kind
im,1.0,0.14928532,0.32534632,0.059134595,0.4061116,0.011558156,0.033526126,0.2725142,0.19647741,0.17008919,0.0812147,0.31620282,0.14141978,0.22769722,0.030740874,0.15237099,0.12874548,0.29767618,0.47328106,0.17855777,0.18387005,0.20181446,0.35545728,-0.11046202,0.14372881,0.40169084,0.06653159,0.24656825,0.25760198,0.16596058,0.38448036,0.21752805,0.23744598,0.1823326,0.05997287,0.046857838,0.0919274,0.44508165,0.42591748,0.1685047,0.23693746,0.27908447,0.11930182,0.27453193,0.1284215,0.38105258,0.106571585,0.031811845,0.16931406,0.035459988,0.037294276,0.08329387,0.07124465,0.06589412,0.02548589,0.2817765,0.26974902,0.27527022,0.20509247,0.013863075,0.352621,0.2367813,0.24303572,0.20904875,0.58957565,0.1497409,0.27042732,0.1827305,0.08180761,0.24977648,0.4934414,0.08154086,0.13758536,0.20552838,0.5627385,-0.033550646,0.18731667,0.5677701,0.1259414,0.4415487,0.5112911,0.31210282,0.10784481,0.13547544,0.06467279,0.41805845,0.17345461,0.25330958,-0.21504574,-0.14814743,0.036491457,0.10521003,0.30320364,0.19106223,-0.063520335,0.22719856,-0.10025755,-0.1500992,0.08661108,0.28452075,-0.03309197,0.17245908,0.1693235,0.057036508,0.13181454,0.0394369,0.31652763,0.40065402,0.049907852,0.41919285,0.56370145,0.05725871,0.24879824,0.31355444,0.21647477,0.31493357,-0.060304314,-0.009046263,0.25932327,0.14245999,0.07057989,0.09311166,0.022722285,0.25916454,0.1953929,0.23820552,0.036775652,0.49252754,0.13060163,0.2907313,0.17505646,0.36065543,0.22394013,0.3759624,0.2896324,0.11950335,0.017625244,0.13439125,0.16657433,0.18382283,0.4987049,0.17127512,0.30294862,0.09902566,0.1927544,0.12744346,0.16054404,0.15902089,0.098607466,0.20822805,0.2337335,0.2988654,0.112080604,0.05943871,0.09934739,-0.0045232857,0.082164206,0.16735299,0.30336,0.24374886,0.20115678,0.5621401,-0.008967562,0.3177952,0.42364356,0.16378562,0.058487806,-0.06430056,0.25371283,0.19053996,0.10742882,0.075029425,0.16962314,0.028129574,0.25799248,0.15536793,0.10393276,0.42773044,0.14941937,0.07019884,0.22328381,0.23885483
like,0.14928532,1.0,0.22401659,0.10736877,0.12207034,0.13788809,0.33497268,0.37154,0.27738625,0.16430858,0.1044431,0.42659616,0.35521367,0.4295938,0.12320899,0.21455462,0.17147368,0.37276044,0.17105377,0.13126011,0.25451726,0.15404323,0.28820747,0.25995067,0.31493837,0.09953728,0.31320187,0.15864685,0.30558065,0.24628149,0.1281449,0.2497705,0.22721192,0.17045747,0.45891955,0.08505906,0.18270038,0.16387337,0.12481307,0.37008196,0.03743054,0.37211198,0.5558639,0.345233,0.03898715,0.1302786,0.22840342,0.06293996,0.31958002,0.07072994,0.30069703,0.20146984,0.08210664,0.08260077,0.106065765,0.26189128,0.3084419,0.34088698,0.36836344,0.42102227,0.38891107,0.21850859,0.33444938,0.35278326,0.17523704,0.19424464,0.27050298,0.1578658,0.15617643,0.34711438,0.10477934,0.2731027,0.23933594,0.045830004,0.28243047,0.10291099,0.5005961,0.4026822,0.30241647,0.4304573,0.17200744,0.40920874,0.20075631,0.22934952,0.063975364,0.27991033,0.28449422,0.016107641,0.1342688,0.2793794,0.20466101,0.23338534,0.4564007,-0.056782056,0.35219774,0.17148833,0.2575666,0.2667952,0.24755865,0.1720344,0.19551548,0.16208696,0.47054207,0.2065661,0.23594457,0.5016823,0.42291346,0.16887076,0.31342426,0.3153332,0.20326188,0.2221915,0.26374024,0.28601417,0.23286645,0.46079597,0.1094077,0.22718121,0.3320153,0.34383425,0.2347836,0.25136498,-0.08787699,0.34691915,0.19172893,0.39554232,0.32493362,0.3289014,0.15782341,0.042619955,0.102948815,0.3137886,0.20638297,0.36350775,0.37773237,0.24847648,0.16104057,0.5961729,0.24260402,0.28378218,0.41886583,0.18111405,0.2486263,0.3195428,0.34923404,-0.009498844,-0.029645052,0.19225268,-0.027685564,0.1229598,0.23931952,0.55110496,0.5347108,0.11293478,0.121105604,0.19038628,-0.05725269,0.39512232,0.18271115,0.32955167,0.10095324,0.2932072,0.5306348,0.12525961,0.31876233,0.37839398,0.0797851,-0.10480383,0.32238176,0.024748333,0.26244327,0.17102903,0.25034684,-0.10468107,0.18654233,0.034789145,0.103706285,0.29118192,0.09211623,0.34607553,0.15692714,0.28160727
people,0.32534632,0.22401659,1.0,0.17562306,0.27061287,0.31770095,0.037710767,0.45249048,0.20581174,0.044403408,0.3203503,0.45900273,0.13922241,0.34157088,0.5450806,0.20577359,0.28235996,0.1941264,0.2616564,0.27255514,0.22268017,0.31419346,0.4103131,0.016482145,0.39350218,0.059833378,0.3537707,0.17286721,0.39743355,0.2416252,0.07392241,0.39724687,0.12985893,0.3288925,0.36601377,-0.047924444,0.32742855,0.3125632,0.19991848,0.31072772,0.27380076,0.24596444,0.19833542,0.35062537,0.04142414,0.2901415,0.4036098,-0.025469327,0.16873975,-0.068724886,0.174515,0.16044658,0.09830244,0.2046143,0.0822934,0.69970024,0.17738788,0.48655257,-0.028049558,0.23679942,0.31533122,0.40506703,0.5182435,0.061422847,0.3293877,0.2805958,0.56093365,-0.0668361,0.31184083,0.21299827,0.29104418,-0.03265421,0.22003776,0.31269857,0.09684395,0.41345844,0.066603236,0.3215654,0.06638806,0.05661328,0.2769418,0.396161,0.088913545,0.25413257,0.10414435,0.20762026,0.32464343,0.2360341,0.1324836,0.2666737,0.17163472,0.15257569,0.22997583,0.30329975,0.12924416,0.25793204,0.08057129,-0.11792072,-0.09780153,0.23649989,0.030592602,0.10298796,0.3012441,0.26665002,0.09978075,0.17337003,0.2652627,0.4330821,0.13240117,0.33661342,0.45873743,0.08229585,0.019354578,0.47234628,0.5405321,0.17923594,0.010317174,0.25531325,0.22176234,0.109997414,0.3565936,0.26492602,0.40433934,0.3186941,0.5097319,0.22373727,0.26780912,0.14442185,0.52980226,0.19157638,0.2289627,0.3966479,0.061207034,0.33537996,0.26407772,0.18071084,-0.005536429,0.18955447,0.10291068,0.31654638,0.1501889,0.17430362,0.08537828,0.028598238,0.1255863,0.304927,0.15406528,0.36025122,-0.07463814,0.27362326,0.50556433,0.4554128,0.0822907,-0.012054157,0.15511835,-0.09537734,0.12488358,0.31089452,0.35467964,0.44230354,0.16315174,0.23810095,-0.059335396,0.043763228,0.2648316,0.44317266,0.26889867,-0.1196335,0.42256665,0.10376747,0.123601615,0.28422245,0.23521131,0.1557371,0.3585973,-0.020577308,0.015201702,0.6975311,0.30226067,-0.107185096,-0.11610924,0.25518724
one,0.059134595,0.10736877,0.17562306,1.0,0.14508739,0.0004473609,0.264188,0.38640156,0.32864764,0.21436241,0.2791761,0.2851945,0.16955829,0.4244701,0.13664022,0.15674467,0.26266325,0.13339157,0.38038558,0.102932245,0.08781054,0.202122,0.355678,0.28653175,0.16827404,0.1961713,0.34010568,0.20650406,0.45269114,0.11145205,0.26884332,0.23064767,0.17023411,0.2497767,0.2908567,0.10994773,0.19541512,0.13582602,0.326456,0.3899199,0.211125,0.24564633,0.25017995,0.409295,0.08199345,0.28460944,0.19343105,0.47263232,0.16772994,0.42757943,0.20927693,0.21815456,0.115789205,0.12129407,0.5825388,0.28384492,0.20339644,0.422078,0.18916087,0.2030948,0.29282823,0.5626391,0.2450138,0.39165837,0.27346006,0.26259258,0.3690165,0.36540592,0.1134498,0.12938069,-0.0014102665,0.29627457,-0.006243374,0.07313402,0.09846547,0.20491344,0.32421657,0.36523217,0.24734703,0.25107038,0.07170458,0.16476887,0.11522659,0.2658769,0.06869879,0.3135285,0.27524802,0.21620041,0.1578368,0.17528695,0.10577291,0.37836155,0.36227414,0.16526105,-0.019337617,0.34844348,0.15785724,0.3996394,0.13342482,0.30651242,0.14843778,0.43233535,0.20364724,0.15236884,0.14620455,0.3363363,0.19354871,0.23812993,0.42771265,0.2748361,0.052403137,0.35688606,0.34069577,0.21634668,0.3643025,0.38015634,0.11231352,0.17601444,0.19764897,0.15118365,0.22616039,0.29617384,0.16659354,0.40214595,0.18520676,0.37131682,0.16147901,0.27659714,0.055135254,0.014818173,0.1856667,0.26804817,-0.060779564,0.51572186,0.3158603,0.21064495,0.07299875,0.07460488,0.3944467,0.23994859,0.16647153,0.4189583,0.2101694,0.20820254,0.17601725,0.27391258,0.52792394,0.27678636,0.17892563,0.2402094,0.1834157,0.055048153,0.10190796,0.27282327,0.50052005,0.29899353,0.054168515,0.2953332,0.4587733,0.38481867,0.19992553,0.28435716,0.13216794,0.18699743,0.45416388,0.38731214,0.3848588,-0.017752083,0.33303958,0.12629385,0.31625748,0.3637544,0.116602585,0.19860364,0.10769629,0.07705962,-0.033929404,0.15527073,0.10173436,0.008911993,0.24534307,0.34820598
get,0.4061116,0.12207034,0.27061287,0.14508739,1.0,0.10119578,0.1182919,0.4030905,0.16068812,0.262729,0.15917972,0.27787238,0.05226624,0.35594812,0.10508372,0.44183558,0.23984848,0.37003356,0.2354097,0.18824618,0.15043129,0.6488833,0.35526374,0.059380773,0.3335566,0.6168738,0.14527412,0.32178727,0.21876636,0.12908852,0.22849973,0.3471759,0.14035553,0.33363637,0.15247233,0.052520163,0.026028186,0.36292344,0.21276732,0.058264993,0.36331427,0.36872947,0.12808493,0.35198462,-0.013807385,0.2508964,0.14843638,0.084525734,0.2592483,0.11844124,0.43333828,0.10597791,0.036568347,0.07705413,0.047240067,0.27228692,0.115537636,0.28044045,0.11811363,0.24140397,0.16660652,0.14706986,0.09751967,0.16783068,0.2562795,0.17220278,0.18917356,0.17341323,0.30505326,0.15403788,0.38843098,-0.06806915,0.053017046,0.23362845,0.21628958,0.09517486,0.2969777,0.44013655,0.49321246,0.17090906,0.7353764,0.18566643,0.1460396,0.11064087,0.01396477,0.091680765,0.29104757,0.35304716,-0.022675017,-0.0047084703,0.5253731,0.24580084,0.16211182,0.027312133,0.13822752,0.2410612,0.07630041,-0.059572473,0.19651793,0.6106552,0.18545263,0.23236422,0.18027003,0.016111385,0.0053870874,0.02483368,0.24065505,0.27670914,0.1390336,0.3396397,0.4272904,0.21230915,0.09313576,0.42010275,0.2117127,0.28453293,0.26009107,-0.07953178,0.34724393,0.55230886,0.15486917,0.17553712,0.20821622,0.45839205,0.34934646,0.3957778,-0.0039523016,0.28736192,0.2803533,0.36134955,0.027299032,0.32075846,0.21139993,0.5126962,0.377733,0.06525326,-0.00430972,0.05358393,0.26700813,0.08724572,0.12352558,0.38092312,0.21346956,0.17010963,0.16597168,0.26606622,0.015214276,0.31439567,0.07592455,-0.054966044,0.13419744,0.2417072,0.017894192,-0.049051676,0.009275576,0.07728903,0.00020148628,0.28550372,0.32106885,0.25618777,0.44028065,0.5917394,-0.035500977,0.12752348,0.41916293,0.36287358,-0.0074591264,0.08577568,0.3359886,0.37297523,0.17610867,0.14715594,0.14995751,0.06310967,0.3305418,0.3681908,0.17550482,0.30938515,0.26157767,-0.14356068,0.23161368,0.0093752295
amp,0.011558156,0.13788809,0.31770095,0.0004473609,0.10119578,1.0,0.09643484,0.097985715,0.023223761,0.21199498,0.15522768,0.21463263,0.35530856,0.11578172,0.2520718,0.20372339,0.18596435,0.18176073,-0.05940324,0.20482975,0.33164886,0.07568752,0.27031684,0.11189786,0.25833064,0.083172075,0.25332254,0.20760584,0.32648692,0.1781452,0.21655853,0.2640438,0.25569975,0.09397652,0.23915999,0.05918239,0.31294,0.26674807,0.05108718,0.3995975,0.19287094,0.06862332,0.055309374,0.10590955,0.29634434,-0.01680276,0.36640924,0.022758445,0.11652147,0.15862562,0.14245123,0.34829214,0.16241553,0.21447459,0.12724045,0.20081452,0.23500413,0.09312919,0.20419706,0.2078957,0.17669702,0.08729293,0.27750286,0.05059266,0.085180864,0.09238062,0.2868369,0.011426494,0.30503395,0.01596907,0.26435226,0.331781,0.24877706,0.37803385,0.064396806,0.18293597,0.036278155,0.03740162,0.1788355,0.26092905,0.20026517,0.25765154,0.12764859,0.0673238,0.25354326,-0.037373148,0.29609242,0.32196972,0.0845206,0.21443,0.12197701,-0.09365455,0.032476958,0.5414664,0.11122986,0.13006656,0.0735452,0.16142249,0.08899106,0.13805534,0.12991165,0.102088764,0.21097782,0.33686584,0.2879819,0.106621355,0.03858801,0.15548575,0.14191458,-0.012477555,0.1513577,0.24681224,0.15804763,0.4272844,0.1641515,-0.012371321,0.11275733,0.32360005,0.20992492,0.22452609,0.18219429,0.26592046,0.29208627,0.06469423,0.26312602,0.15502807,0.23295389,0.0025490364,0.21941851,0.40205827,0.3967496,0.23460503,0.22555599,-0.0669826,0.07106562,0.2887113,0.3098729,0.24619892,0.14933187,0.16180998,0.06888349,0.119513035,0.0973784,-0.024833135,0.15734561,0.22992603,0.17101285,0.17796566,0.31164527,0.36059022,0.38605013,0.35865745,0.057173066,0.029952122,0.10786178,0.048120756,0.21600406,0.15870723,0.18653952,-0.015072164,0.031154232,-0.01871809,0.06457315,0.33840957,0.08338926,0.20131803,0.1617291,0.3778048,0.054951992,0.2363775,0.1725194,0.28026086,0.30415908,0.2951698,0.35078642,0.15482622,0.20682944,0.4672092,0.2476612,0.23636127,0.18807308,0.39220297
good,0.033526126,0.33497268,0.037710767,0.264188,0.1182919,0.09643484,1.0,0.26246926,0.15783243,0.17053719,0.15282916,0.35695416,0.22730055,0.27829888,0.08751009,0.10934664,0.23130167,0.16302532,0.21060471,0.08030314,0.2809616,0.14240009,0.15682,0.65027905,0.23535785,0.08063564,0.1743452,0.2822736,0.2976471,0.1820289,0.20393094,0.25868028,0.13371041,0.26231733,0.17971149,0.15683585,0.16839907,0.18608582,0.16767456,0.31561786,0.26305816,0.18591179,0.653263,0.3118234,0.15243025,0.22505318,0.18338288,0.1900978,0.20003112,0.5275628,0.30762765,0.27526355,0.21739088,0.15596159,0.20949048,0.1917507,0.29078883,0.13689724,0.15275148,0.44258526,0.2567805,0.13267954,0.12127276,0.20485589,0.06674903,0.1115387,0.04919778,0.22364797,0.22972053,0.24569272,0.1522099,0.34196025,0.3336667,0.08644705,-0.006514766,0.051090322,0.53529257,0.26944953,0.3328503,0.31207085,0.11384818,0.2804538,0.26731852,0.27907848,0.20479612,0.18555342,0.21410039,0.05707567,0.007796715,0.20013717,0.10741387,0.17620777,0.31078985,0.07010512,0.24785241,0.18378685,0.15948322,0.46215448,0.24761818,0.25323302,0.11545164,0.12443765,0.27072603,0.24394135,0.28384668,0.53068966,0.1927922,0.3690113,0.17914857,0.24566182,0.025718834,0.19578564,0.4328358,0.04570031,0.10519362,0.17982039,0.41486457,0.2639702,0.18523417,0.14037307,0.16408125,0.35708696,-0.025757542,0.29468408,0.28873256,0.19892453,0.292326,0.32295012,0.053850587,0.012540189,0.12676989,0.1017753,0.18427266,0.33714753,0.24493872,0.19918713,0.26592624,0.33422232,0.50637555,0.15867873,0.17288938,0.2158862,0.20551744,0.47011158,0.2266561,0.16626775,0.16812195,0.19607316,0.057392072,0.0046281647,0.19950294,0.22740036,0.26677716,0.08004958,0.28854215,0.15351388,0.08130554,0.2395876,0.13378288,0.22841623,0.17355435,0.22659035,0.50956845,0.10764511,0.33391672,0.28104088,0.10108842,-0.047500607,0.31452096,0.19012766,0.20303833,0.092986465,0.5118737,0.15929735,-0.16434345,0.06271331,0.26301894,0.10976698,0.20564024,0.3439264,0.37591377,0.28188202
know,0.2725142,0.37154,0.45249048,0.38640156,0.4030905,0.097985715,0.26246926,1.0,0.3474449,0.2499719,0.2430068,0.61058617,0.36656898,0.6329417,0.41812432,0.5459279,0.31453863,0.20956708,0.47067687,0.26141417,0.27146792,0.46383533,0.5726868,0.12944543,0.33441615,0.27665436,0.39032915,0.18715496,0.46936405,0.22332326,0.24037702,0.51480544,0.3211598,0.42145982,0.40686876,-0.005815355,0.3857596,0.39158595,0.2541963,0.39955753,0.29749247,0.67014164,0.34399498,0.49720034,0.20912503,0.27320138,0.2584821,0.09955234,0.3385419,0.06857592,0.35053548,0.42953667,0.19536062,0.25631863,0.15976243,0.48001114,0.41169068,0.49298733,0.15197746,0.4236604,0.40345538,0.48069122,0.45973036,0.47985357,0.382803,0.26880983,0.43906572,0.14710397,0.43058708,0.33118495,0.35515428,0.1678179,0.2104343,0.12595418,0.21387443,0.33921137,0.32954645,0.6178457,0.45011696,0.29719326,0.36620978,0.33829495,0.46037808,0.4001764,0.2657231,0.52676153,0.44831148,0.33745,0.10639809,0.3081868,0.24588142,0.26693055,0.5038893,0.27491257,0.2103806,0.28881183,0.26935294,0.13979548,0.074960284,0.46989542,0.22949399,0.28800726,0.4444476,0.37371728,0.25967464,0.34027946,0.52507603,0.31267047,0.19172542,0.521781,0.4441891,0.45873737,0.27714667,0.30455625,0.42800412,0.5351189,0.10299798,0.356836,0.2727788,0.33778214,0.31203768,0.4239805,0.18198831,0.47873077,0.5153773,0.69804996,0.328749,0.37644517,0.35589084,0.31365776,0.30262864,0.4395026,0.15810703,0.5752932,0.60552216,0.27824464,0.21538198,0.35151818,0.47001815,0.26716143,0.33604726,0.41262874,0.23682223,0.1817086,0.19581465,0.35046762,0.34763867,0.5408842,0.060570057,0.27373344,0.33522958,0.53822285,0.22353114,0.09896346,0.20407808,0.020824887,0.18599543,0.6430629,0.47686103,0.5806505,0.29836336,0.4600909,0.13467899,0.18408367,0.6265556,0.5232997,0.31399232,-0.18387245,0.4948325,0.1493752,0.37468025,0.27501273,0.38870174,0.14823315,0.1694256,0.11097656,-0.028040033,0.47333452,0.14399683,-0.014305316,0.1003292,0.43685427
time,0.19647741,0.27738625,0.20581174,0.32864764,0.16068812,0.023223761,0.15783243,0.3474449,1.0,0.5082463,0.18298218,0.22667621,0.27656484,0.2843554,0.38317755,0.10700776,0.17224313,0.13320048,0.18785249,0.18309486,0.2651813,0.28215346,0.31964168,0.103268854,0.25492382,0.100117065,0.1546105,0.19658397,0.29282507,0.22184396,0.3722564,0.23174916,0.21267414,0.38291284,0.5162832,0.11389603,0.58046365,0.20776106,0.23591828,0.23021881,0.31274688,0.12722853,0.11564625,0.3372639,0.16702355,0.38254172,0.054835558,0.18134595,0.20405541,0.098149896,0.21100888,0.25157556,0.29379097,0.23275603,0.24837576,0.33482587,0.22169912,0.29145625,0.114672124,0.34202105,0.28510496,0.51379365,0.18856241,0.07870655,0.09301926,0.33079806,0.23374918,0.2879793,0.26299563,0.32871792,0.11796391,-0.018775983,-0.021274915,0.31991118,0.080889516,0.0625102,0.11060066,0.28514805,0.19247183,0.41057378,0.2043019,0.31656212,0.20195457,0.35291627,0.121321805,0.24603528,0.27611962,0.33664703,-0.016575942,-0.0710933,-0.020213535,0.521342,0.12949026,0.3802988,0.07802925,0.4856462,0.009229978,0.0787329,0.030113712,0.18951783,0.11985111,0.42550486,0.32746536,0.43355823,0.21772277,0.0768263,0.22748797,0.36452645,0.30823618,0.20693105,0.211223,0.41242898,0.1750002,0.21506976,0.35017,0.35328943,0.07009564,0.30396327,0.26059923,0.10106756,0.28715196,0.11637478,0.27847284,0.38911313,0.40424985,0.24128263,-0.11879909,0.3740755,0.52976024,0.19464596,0.2943151,0.2811689,0.06800737,0.5046243,0.33844492,0.22610782,0.119884305,0.12325453,0.22554027,0.5219122,0.20654784,0.3506617,0.03485949,0.22413863,0.086491846,0.39256766,0.56327593,0.10018634,0.2823123,0.3160949,0.28703085,0.17396562,0.013929277,0.3218866,0.24287462,0.43195793,0.12981959,0.17934608,0.4375841,0.47182328,0.27104223,0.41344133,0.12778302,0.21353602,0.3982243,0.27572548,0.47213775,0.0035507232,0.39476836,0.20871562,0.13682985,0.7384714,0.15878195,0.40970853,0.15412262,0.16423555,0.104203425,0.38121846,0.18432951,0.09333827,0.049518492,0.10812382
day,0.17008919,0.16430858,0.044403408,0.21436241,0.262729,0.21199498,0.17053719,0.2499719,0.5082463,1.0,0.08775947,0.19804238,0.26157334,0.18841045,0.20009504,0.27979743,0.116191864,0.18026763,0.053350937,0.07707326,0.14859068,0.24969882,0.25386852,0.16044427,0.16594768,0.18232551,0.12856449,0.23748977,0.20843169,0.084504366,0.6840769,0.13504863,0.42501387,0.25849515,0.43346015,0.12641875,0.40738976,0.28225914,0.1407909,0.34748656,0.25072968,0.1281993,0.047268264,0.18807098,0.17819662,0.18127225,0.19076425,0.07911024,0.23105107,0.1836955,0.16972288,0.37937886,0.3093006,0.093857884,0.12915385,0.32601023,0.2488773,0.15685843,0.117960416,0.20254429,0.2764365,0.3959987,0.14487565,0.06521317,-0.013582212,0.25366533,0.0413998,0.19513105,0.16036703,0.19526325,0.13773434,0.33036506,-0.11428911,0.36057463,0.08954614,-0.22635983,0.31070322,0.19293796,0.2198479,0.41199043,0.20274125,0.20945075,0.094689645,0.25267833,0.24412069,0.070677415,0.21831793,0.3745352,-0.27462038,-0.13661805,0.08276415,0.22869013,-0.015931679,0.3853705,-0.06765687,0.23185083,-0.054208837,0.21594638,0.2949459,0.26024756,0.06895958,0.266127,0.2749746,0.17558509,0.28407076,0.016997898,0.10265797,0.21984401,0.2851092,0.07968796,0.02585983,0.31731224,0.1851898,0.09555841,0.35004285,0.23703092,0.06302038,0.2554359,0.26646504,0.099223025,0.119622834,0.017862175,0.11635663,0.30594307,0.25688708,0.20763537,-0.11172435,0.27304724,0.15206784,0.28715008,0.40686172,0.12514326,0.029511783,0.27498275,0.28153083,0.33650228,0.2236067,0.106940314,0.26772842,0.27733847,0.14010432,0.35743344,0.17886549,0.24416451,0.078109056,0.33938885,0.24746506,0.039956003,0.47532386,0.26793438,0.104627155,0.053263836,-0.13932444,0.17833604,0.004941691,0.24493662,0.27317643,0.079157375,0.3515597,0.1392805,0.29512563,0.35403904,0.19273356,0.5685618,0.38958803,0.20182428,0.30339977,0.07127436,0.17754664,0.37752825,0.105966344,0.5430442,0.1195588,0.27758542,0.1696517,0.23762849,0.14387362,0.33213654,0.27947062,0.14986917,0.4637074,0.13588336
would,0.0812147,0.1044431,0.3203503,0.2791761,0.15917972,0.15522768,0.15282916,0.2430068,0.18298218,0.08775947,1.0,0.318653,0.12969767,0.20265114,0.25861186,0.16489267,0.32974768,0.24627033,0.30874756,0.39106816,0.30614808,0.15880439,0.21124192,0.15586331,0.5377598,0.15365312,0.30506772,0.2790035,0.36414585,0.18635048,0.1421148,0.3652959,0.18599957,0.45751607,0.32748792,0.03394893,0.18580952,0.20209883,0.16258761,0.24358578,0.2228854,0.18378353,0.12436551,0.10486449,0.06349985,0.5595841,0.19082327,0.2740192,0.15863745,0.19770944,0.08784673,0.37528926,0.34281752,0.43387827,0.35757962,0.34885177,0.09698067,0.41249177,0.287067,0.35657233,0.14466943,0.2238739,0.20983152,0.35260484,0.13967201,0.13644634,0.43864,0.20798448,0.20340699,0.16884334,-0.13730736,0.11473669,0.09602932,0.10502571,-0.010772962,0.3393498,0.21211012,0.29268777,0.16817906,0.21854553,0.17084484,0.2842187,0.18538354,0.27756774,0.14583798,0.22851385,0.38995695,0.14149223,0.19355987,0.11542135,0.16509464,0.33400264,0.2678812,0.09123765,0.14759503,0.29650152,0.08111403,0.14148563,0.01160741,0.16463932,0.075874515,0.15024418,0.17313443,0.29304546,0.030488413,0.27466962,0.19038956,0.24598803,0.19027627,0.21997784,-0.05530933,0.124360405,0.13708714,0.31030566,0.18260738,0.15565017,0.010351998,0.0886221,0.21446556,0.10257288,0.45703414,0.13807651,0.23673114,0.3870448,0.3720312,0.12356125,0.28855634,0.21445888,0.27870664,0.08713656,0.13840088,0.22214195,-0.034884766,0.37157428,0.25793353,0.15569352,0.022114377,0.16733815,0.1798087,0.3051158,0.106859654,0.26315477,0.23481861,0.050949197,0.1201335,0.2842342,0.18293336,0.09878635,-0.009740894,0.081692904,0.59237164,0.24201362,0.11902869,0.10625408,0.3198088,0.08217233,-0.06866454,0.2709069,0.30317262,0.24775814,0.109953366,0.065231204,0.04620222,0.058656942,0.18703005,0.6363635,0.2077832,0.044770483,0.71290785,-0.022656044,0.25850338,0.30725303,0.22875848,0.22785075,0.11655914,0.086585335,0.082858354,0.40616167,0.5290376,-0.06694436,-0.018431611,0.2670967
really,0.31620282,0.42659616,0.45900273,0.2851945,0.27787238,0.21463263,0.35695416,0.61058617,0.22667621,0.19804238,0.318653,1.0,0.34716052,0.6479021,0.13952246,0.5040396,0.38854367,0.26327354,0.5150161,0.19648947,0.43158096,0.19678503,0.61990494,0.2844489,0.32274607,0.15695406,0.41743731,0.2712186,0.7441091,0.22741958,0.33296064,0.4129928,0.25624913,0.26771715,0.41096422,0.15909696,0.34699458,0.44653523,0.30688703,0.55711067,0.41234007,0.55016124,0.372785,0.31806937,0.14901373,0.08087138,0.3916237,0.107963905,0.38980955,0.03225147,0.2868464,0.3498338,0.017493706,0.124090746,0.13604341,0.50377226,0.44970447,0.58823436,0.1951055,0.31677738,0.5217323,0.43232563,0.441648,0.32906294,0.36446282,0.119434856,0.49332798,0.20214774,0.30119404,0.3949548,0.3349748,0.2810795,0.10859391,0.14294328,0.5137768,0.18917352,0.4240677,0.67050487,0.18788858,0.42082375,0.299609,0.59000474,0.356839,0.39530316,0.08915552,0.4238399,0.23703037,0.21564582,-0.11552609,0.066696726,0.18801345,0.38569844,0.526144,0.16905008,0.010421176,0.24222375,-0.032164507,0.17812276,0.07873039,0.48755908,0.010996051,0.23903821,0.26170456,0.23884664,0.24925317,0.31920326,0.2964402,0.4194879,0.28592747,0.3205194,0.37431985,0.48850128,0.26604253,0.24444856,0.4364498,0.4674605,0.19266462,0.3068454,0.19226554,0.18703727,0.25731164,0.34143963,0.033794843,0.40468276,0.5173138,0.4977492,0.2569261,0.20351872,0.2146719,0.20414127,0.1459467,0.46808565,-0.022693569,0.45562413,0.48644882,0.24537481,0.07218788,0.22609748,0.27684665,0.114879765,0.50747967,0.30540028,0.46656057,0.22569779,0.31019437,0.39872608,0.3365023,0.46665242,-0.09267189,0.217035,0.3364842,0.51092386,0.18387464,0.27319464,0.26252207,0.06394753,0.3332892,0.50628465,0.34506524,0.49712148,0.29929724,0.3910452,0.19821443,0.23731676,0.51737016,0.5211415,0.4169363,-0.222061,0.4543529,0.18405528,0.27487212,0.18606049,0.32951593,0.23510252,0.16463122,0.08006775,0.084724456,0.53326076,0.21923354,0.04451678,0.106831804,0.54133964
love,0.14141978,0.35521367,0.13922241,0.16955829,0.05226624,0.35530856,0.22730055,0.36656898,0.27656484,0.26157334,0.12969767,0.34716052,1.0,0.31611282,0.21606092,0.3193417,0.08161154,0.15558946,0.051021013,0.16549587,0.42100117,0.1966002,0.21610774,0.3635421,0.36701414,0.059693735,0.21168151,0.13547477,0.31245485,0.079448976,0.20576082,0.52696735,0.44849283,0.09274078,0.29331166,0.07791749,0.35988554,0.23486835,0.0552513,0.43407887,0.22783737,0.31031647,0.10314851,0.05936509,0.61585146,0.17828271,0.18150063,0.06798923,0.2346695,0.27802482,0.23619463,0.5361491,0.076829515,0.2753127,0.17358708,0.15773481,0.37106344,0.185285,0.18781991,0.4125071,0.37231264,0.19393542,0.34569564,0.12984082,0.10750072,0.037641734,0.23698215,0.16318028,0.32908845,0.5338012,0.25787067,0.63077974,0.15629593,0.1638045,0.13933969,-0.06987451,0.45991656,0.27552715,0.38780695,0.42520955,0.023606373,0.28238454,0.12912692,0.23628661,0.26564452,0.2329659,0.24215621,0.4071163,-0.14224164,0.15495357,0.121509515,0.21565668,0.4214122,0.44904882,0.008154421,0.05525334,-0.027719807,0.2961367,-0.037445977,0.28117615,0.15412648,-0.004502219,0.42483732,0.34023544,0.5307503,0.19825995,0.24873441,0.1997829,0.10539619,0.272245,0.1706894,0.569044,0.36090958,0.19934607,0.062322292,0.38732868,0.04380853,0.39774722,0.13513353,0.2870911,0.08733092,0.24850936,-0.22742228,0.24767537,0.12686945,0.37545687,0.19664028,0.448571,0.2013848,0.27275202,0.45900738,0.03109353,0.1401668,0.0940775,0.23161642,0.5068052,0.44061217,0.24908975,0.28630504,0.06827011,0.34527186,0.15820701,0.21622041,0.23170501,0.27466,0.12334758,0.21343558,0.24643539,0.31295645,0.43965018,0.13700499,0.67250603,0.22992127,0.42046043,0.24238493,0.25505912,0.029446175,0.12517093,0.16155817,0.07365373,0.22091576,0.14290147,0.22020783,0.40854257,0.40387797,0.18923588,0.3315163,0.011415537,0.099025324,0.07936267,0.20144087,0.27013242,0.46606332,0.284372,-0.006827119,0.26755455,-0.15744716,0.39076155,0.27692544,0.36487755,0.19791229,0.53377104
think,0.22769722,0.4295938,0.34157088,0.4244701,0.35594812,0.11578172,0.27829888,0.6329417,0.2843554,0.18841045,0.20265114,0.6479021,0.31611282,1.0,0.043068666,0.48666248,0.40139675,0.34264797,0.562033,0.11898449,0.2556583,0.29344562,0.5419791,0.30111519,0.36996782,0.24348329,0.43751246,0.3000718,0.6795812,0.13916972,0.19133766,0.27001056,0.309307,0.27940583,0.43246034,0.08673061,0.25233033,0.48349243,0.17734927,0.4625553,0.34866193,0.5853172,0.30354548,0.46008143,0.14625129,0.06489442,0.36420813,0.19582376,0.53517526,0.13753514,0.37918562,0.36038885,0.07619734,0.07881583,0.122460954,0.51253116,0.37433106,0.5344654,0.23994464,0.3733373,0.5116406,0.5618385,0.29514968,0.493515,0.42876694,0.16634172,0.2918975,0.17706479,0.35107648,0.4196847,0.30237713,0.20550396,0.19190308,0.111211486,0.43774682,0.33547953,0.45061812,0.6046875,0.37678307,0.38155508,0.31473526,0.54328054,0.3886558,0.5931384,0.014402464,0.5560099,0.26450002,0.18946391,0.1524511,0.23747505,0.39627862,0.35573927,0.5688602,0.07571081,0.3378142,0.32967952,0.14898226,0.3174634,0.15172601,0.5588685,0.14657226,0.3344127,0.3787403,0.3447732,0.35764006,0.4352682,0.4338464,0.32797506,0.27746332,0.48102412,0.36095482,0.4614941,0.27177343,0.28671965,0.36050066,0.6777894,0.26844436,0.26158625,0.31492203,0.3986854,0.32620153,0.44092438,0.20523116,0.50623566,0.46408376,0.59253484,0.42104474,0.26425615,0.25275582,0.23446487,0.21848544,0.45362929,0.08509721,0.6699506,0.5599153,0.2537372,0.16953118,0.29936063,0.33099553,0.17023046,0.53121895,0.3848054,0.4586134,0.2665015,0.23168826,0.386449,0.42992026,0.5899177,-0.072960146,0.1646592,0.27055717,0.49600822,0.3262284,0.14718539,0.26159188,0.13823183,0.28070292,0.62734884,0.48245525,0.69277906,0.29984018,0.44472024,0.27056772,0.14108191,0.5577228,0.51583785,0.31186518,-0.19747165,0.45748857,0.14016342,0.41217688,0.23912045,0.34532127,0.20093411,0.13893662,0.09297409,0.03148435,0.35093984,0.11082181,0.052049864,0.053386953,0.49507886
us,0.030740874,0.12320899,0.5450806,0.13664022,0.10508372,0.2520718,0.08751009,0.41812432,0.38317755,0.20009504,0.25861186,0.13952246,0.21606092,0.043068666,1.0,0.053527158,0.18903495,0.029327683,-0.0824536,0.213226,0.25374958,0.3238484,0.19146211,0.06307996,0.3913252,-0.08904179,0.1932824,0.15981898,0.2244895,0.19963256,0.17200601,0.42239442,0.2567491,0.34511018,0.3276854,0.029820407,0.36672434,0.23047948,0.09076875,0.23539302,0.2585189,0.16886312,0.13421996,0.2727115,0.28937018,0.42732173,0.26742333,0.11430024,0.15166636,0.028396519,0.22199494,0.33011052,0.35775673,0.622965,0.18057549,0.44557762,0.14027862,0.32745594,-0.065173976,0.3463213,0.13354565,0.20273723,0.24334131,0.016089402,-0.033612646,0.25522316,0.429682,0.1375605,0.4987557,0.29461548,0.2102545,-0.057168607,0.14779802,0.28219217,-0.26515648,0.37173608,-0.006532131,0.060872886,0.23704441,0.046571564,0.0799484,0.24561766,0.14577828,0.32390523,0.38928604,0.21243846,0.43195745,0.2756544,0.12450078,0.23048683,0.0004036521,0.10250424,-0.033580996,0.39822012,0.1212905,0.17101783,0.14652921,0.008316519,-0.16111928,0.12815572,-0.0007133058,0.1140389,0.2782334,0.27911547,0.1591708,0.07172452,0.16199085,0.3001088,0.1126785,0.17410757,0.29533407,0.19264165,0.12900366,0.29625493,0.3581059,0.014026207,0.029538311,0.3695089,0.074075066,0.042024925,0.34092593,0.12943102,0.4507738,0.2790066,0.4098505,0.22892597,0.10584349,0.2341039,0.60875624,0.2202292,0.32290044,0.28897473,0.07801232,0.2305429,0.0829462,0.35368487,0.2647001,0.21323746,0.16049701,0.33313358,-0.12038396,0.23363818,-0.089694716,0.15270989,0.048941765,0.31638384,0.13990812,0.1675403,0.24952257,0.27152976,0.427787,0.21055008,-0.04380112,0.13792899,0.112091884,0.10349849,0.13181509,0.18171825,0.24580772,0.257885,0.19990902,0.19445246,0.008031137,0.14446852,0.2705358,0.1917645,0.33044064,0.17121899,0.38847053,0.07989326,0.042557262,0.33780527,0.34800467,0.41109785,0.09837446,0.23000209,-0.06822893,0.52105683,0.39527273,0.1000742,-0.04688542,0.17022468
see,0.15237099,0.21455462,0.20577359,0.15674467,0.44183558,0.20372339,0.10934664,0.5459279,0.10700776,0.27979743,0.16489267,0.5040396,0.3193417,0.48666248,0.053527158,1.0,0.1750325,0.37559128,0.34480825,0.22199301,0.07824109,0.45718977,0.4393647,0.20463723,0.2618501,0.1989417,0.16695312,0.09473928,0.25291476,0.3268403,0.26959372,0.29448125,0.24792163,0.24012518,0.22794202,0.24939539,0.21885224,0.22773314,0.051348284,0.23865694,0.25754228,0.57758206,0.09981271,0.20240438,0.23056921,0.031024352,0.27465117,0.097538374,0.4857621,0.049069766,0.34623173,0.41975302,0.18710232,0.12332024,0.0657533,0.35003728,0.14888646,0.2353771,0.21359985,0.16352373,0.29444426,0.24398988,0.2527561,0.34103844,0.15595044,0.083150834,0.09410486,0.064790614,0.4264238,0.3032265,0.40713936,0.3518585,-0.032309085,0.15075621,0.28754783,0.09795243,0.40096685,0.42283827,0.4500161,0.183094,0.16227342,0.18526654,0.4041258,0.16095647,0.008896299,0.20918521,0.34760544,0.50598603,-0.1060946,0.09520813,0.38743922,0.2701389,0.28436354,0.21258923,0.02539029,0.18181215,0.06438368,0.1577314,0.12160772,0.66867036,0.14491928,0.15334089,0.19730523,0.14065641,0.100591406,0.1130608,0.26478344,0.060615502,0.2807295,0.3849412,0.38802597,0.59690607,0.18765682,0.22785069,0.2887009,0.3962024,0.036505077,0.092043966,0.42184752,0.55950147,0.08785077,0.2909527,0.046846066,0.44074914,0.27659813,0.6868662,0.13989645,0.19498742,0.021431942,0.34993368,0.0754258,0.12152906,-0.07486448,0.28131074,0.38223422,0.31396464,-0.002511211,0.026641019,0.18966362,0.079196304,0.2671261,0.5339526,0.38547805,0.31835058,0.15968205,0.22528364,0.18250579,0.4571762,0.18250015,0.14527209,0.1625656,0.39485437,-0.034187347,0.26717272,0.12967275,0.2105245,0.3591955,0.35510546,0.26215848,0.23653461,0.5005039,0.49328753,0.16249493,0.30988112,0.5688608,0.44623727,0.28870204,0.14514317,0.3410215,0.13424213,0.27851915,0.25973615,0.18989669,0.13788,0.23204921,0.47739923,-0.014667689,0.2781248,0.2652268,0.04592856,0.25704414,0.2717062
even,0.12874548,0.17147368,0.28235996,0.26266325,0.23984848,0.18596435,0.23130167,0.31453863,0.17224313,0.116191864,0.32974768,0.38854367,0.08161154,0.40139675,0.18903495,0.1750325,1.0,0.24441817,0.2835814,0.2550169,0.4133571,0.115199514,0.58547086,-0.00874951,0.28602883,0.1755385,0.29622543,0.23653075,0.4522202,0.1615367,0.14834623,0.28548962,0.15654613,0.23330091,0.24382447,0.041158162,0.31234986,0.30319658,0.19999862,0.33440268,0.24187808,0.32002887,0.28026336,0.28668725,0.020020245,0.22784455,0.2552317,0.22974043,0.09568583,0.06332275,0.27884626,0.19058098,0.16823518,0.13026676,0.30199656,0.41227907,0.27248055,0.311908,0.15191725,0.3589667,0.39269218,0.3379321,0.22912195,0.25479478,0.2488223,0.19527975,0.32646194,0.25827515,0.2808019,0.16783094,0.12999776,-0.01677961,0.074704885,0.1715397,0.17574811,0.25700745,0.1551465,0.48798215,0.12749302,0.22420798,0.25290242,0.3677237,0.16189346,0.30741093,0.08925133,0.18113898,0.37072304,0.20919232,0.059853546,0.119774655,0.18268256,0.3177447,0.37678373,0.09568873,0.16086282,0.3953354,0.12100907,0.20703135,0.20480731,0.37274632,0.26692042,0.3588221,0.28214636,0.108518034,0.078975245,0.20449264,0.29857305,0.3367846,0.3027792,0.196131,0.3604455,0.15978773,0.15494214,0.4772512,0.34100357,0.22250772,0.18546192,0.14394097,0.2139556,0.19670798,0.34700075,0.39976066,0.3070145,0.3124407,0.5558174,0.3158629,0.25590032,0.22516195,0.31607482,0.1915944,0.15172324,0.5098344,0.012138878,0.458206,0.33266157,0.2290216,-0.0518651,0.18844539,0.3302623,0.23196588,0.22407603,0.3505986,0.13017845,0.113993034,0.20397414,0.20553412,0.2502282,0.5474228,-0.018648462,0.3476855,0.34831944,0.31560114,0.096405484,0.068197705,0.2533,0.13517167,0.07097329,0.35839748,0.51772135,0.43137285,0.481907,0.23034777,0.14969994,0.07519401,0.4356123,0.4523296,0.22308992,-0.070061944,0.39723262,0.09843108,0.2511993,0.13556582,0.12963372,0.02371921,0.18249862,-0.02673979,0.17486353,0.33520636,0.17904817,-0.0003966605,0.111758366,0.21231458
make,0.29767618,0.37276044,0.1941264,0.13339157,0.37003356,0.18176073,0.16302532,0.20956708,0.13320048,0.18026763,0.24627033,0.26327354,0.15558946,0.34264797,0.029327683,0.37559128,0.24441817,1.0,0.2577289,0.11438139,0.21523564,0.21189658,0.27022746,0.19729777,0.3049468,0.16463177,0.19488977,0.096307054,0.28421107,0.11116559,0.17771548,0.15317596,0.18493332,0.07254057,0.26799136,0.085155,0.25615758,0.27135587,0.05557167,0.3099139,0.13814881,0.30582136,0.30135345,0.20032407,0.045400113,0.2379651,0.14349674,0.045506146,0.29104412,0.28771198,0.29586992,0.18001272,0.16022892,0.11667583,0.17996384,0.28654054,0.059160434,0.21039012,0.734221,0.31938335,0.22073093,0.20928796,0.0050335755,0.17390515,0.108432434,-0.035376973,0.12822637,0.068400055,0.39043397,0.20024252,0.3876809,0.15342736,0.10841973,0.050818305,0.25348487,-0.071936704,0.29184482,0.32698452,0.51164955,0.36385554,0.19908272,0.33874768,0.122400865,0.18835317,-0.041043606,0.1466593,0.33210558,0.1849568,-0.13159975,0.03454631,0.5020439,0.15072961,0.21216145,0.09460795,0.237678,0.20723955,-0.019748222,0.28181538,0.10623992,0.51516694,0.03936637,0.020632315,0.2892418,0.14136879,0.05744491,0.20169358,0.09550979,0.21294591,0.042568415,0.39139965,0.36916092,0.22181024,0.3544211,0.5054607,0.18428893,0.28728268,0.21967283,0.113496475,0.29161248,0.60729736,0.21013354,0.34350783,0.023085099,0.5296276,0.20840697,0.48051223,0.2666367,0.37569126,0.11235904,0.29287073,0.03354036,0.057708103,0.056549877,0.39507744,0.29804614,0.27925637,0.10960881,0.27798477,0.12757628,0.062053,0.41710752,0.2584014,0.15981744,0.20108809,0.054958813,0.004851523,0.102856904,0.121934146,0.08958092,0.049219627,0.23943484,0.27707168,0.08198685,-0.020336315,0.13372615,0.22388858,-0.066551074,0.1084493,0.13411674,0.18494505,0.06878405,0.44748807,0.14548029,0.1698852,0.3227524,0.2851561,-0.11127651,0.06182689,0.36675164,-0.012073667,0.24716134,0.16694427,0.2386178,-0.018350504,-0.0233904,0.27511117,0.010849953,0.2126828,0.1935493,0.14183846,0.14341363,0.34746408
thats,0.47328106,0.17105377,0.2616564,0.38038558,0.2354097,-0.05940324,0.21060471,0.47067687,0.18785249,0.053350937,0.30874756,0.5150161,0.051021013,0.562033,-0.0824536,0.34480825,0.2835814,0.2577289,1.0,0.15084004,0.049218666,0.130204,0.3669827,0.11628212,0.20624532,0.31906956,0.081486605,0.25490808,0.43463567,0.08572492,0.08219679,0.13657835,0.053789068,0.3003268,0.3016247,0.0056672026,0.16885002,0.26840672,0.23187102,0.2038556,0.2798737,0.42072213,0.284392,0.48561788,0.111041255,0.1712179,0.07371908,0.18198963,0.23672509,0.14131948,0.19506094,0.25003564,0.12842256,0.036865108,0.23954476,0.33680484,0.30707926,0.33233938,0.22814505,0.07890931,0.3613677,0.53512895,0.36822906,0.37575084,0.56462353,0.0581415,0.10945923,0.19288892,0.033005353,0.16297628,0.2921407,0.17420924,0.20057458,0.042278145,0.50431615,0.24123481,0.2472802,0.632859,0.21188182,0.32443985,0.2750429,0.19910982,0.27255613,0.2797518,0.07400432,0.6074997,0.24284336,0.114824645,0.07057284,0.16057026,0.14541681,0.3346328,0.50319344,0.07798108,0.10050397,0.32293737,-0.07705918,0.13564286,0.14502446,0.3971644,-0.040778164,0.18761706,0.12935208,0.14210458,0.07556948,0.32023498,0.28373662,0.29457042,0.16623797,0.5705946,0.28230152,0.2859421,0.30475596,0.14753608,0.2334118,0.40097034,0.13920856,0.11294281,0.21881405,0.1783076,0.1952777,0.38458976,0.099583015,0.34798986,0.39619282,0.39648542,0.27879187,0.18138492,-0.028944945,0.20476878,0.07128474,0.28541672,0.067060456,0.5205018,0.4584287,-0.021341879,-0.08109234,0.11316021,0.20371695,0.14360759,0.62832934,0.2973273,0.48854727,0.14201765,0.20093319,0.33304524,0.48789284,0.35894844,-0.15458547,0.17510314,0.38433066,0.32749638,0.23585446,0.08578786,0.38626957,0.084936544,0.24875334,0.40647155,0.38289,0.5507081,0.21753402,0.42461085,0.11288559,0.06541894,0.40170082,0.38742787,0.32674348,-0.112288214,0.4840584,0.02450824,0.21659428,0.15247758,0.16739675,0.10704461,0.14829321,0.035891816,0.12094117,0.20250894,0.149442,-0.07178051,0.11800366,0.4394002
